
 ****** Psp strength Dij in Ha (atom      1) *****
  -0.04737   0.02390   0.00034  -0.00000  -0.00023
   0.02390   9.12517  -0.00468   0.00001   0.00323
   0.00034  -0.00468  -0.00250   0.00000  -0.00000
  -0.00000   0.00001   0.00000  -0.00175   0.00000
  -0.00023   0.00323  -0.00000   0.00000  -0.00230

 ****** Psp strength Dij in Ha (atom     18) *****
   0.43848  -4.45774   0.00001  -0.00000   0.00001  -0.00004   0.00000  -0.00007
  -4.45774  43.55004  -0.00016   0.00000  -0.00014   0.00055  -0.00000   0.00065
   0.00001  -0.00016  -0.15127  -0.00000  -0.00008   0.60385   0.00000   0.00052
  -0.00000   0.00000  -0.00000  -0.15019   0.00000   0.00000   0.59710  -0.00000
   0.00001  -0.00014  -0.00008   0.00000  -0.15116   0.00052  -0.00000   0.60309
  -0.00004   0.00055   0.60385   0.00000   0.00052   0.02057  -0.00000  -0.00308
   0.00000  -0.00000   0.00000   0.59710  -0.00000  -0.00000   0.05972   0.00000
  -0.00007   0.00065   0.00052  -0.00000   0.60309  -0.00308   0.00000   0.02536


 ****** Psp strength Dij in Ha (atom      1) *****
  -0.04737   0.02390   0.00034  -0.00000  -0.00023
   0.02390   9.12517  -0.00468   0.00001   0.00323
   0.00034  -0.00468  -0.00250   0.00000  -0.00000
  -0.00000   0.00001   0.00000  -0.00175   0.00000
  -0.00023   0.00323  -0.00000   0.00000  -0.00230

 ****** Psp strength Dij in Ha (atom     18) *****
   0.43848  -4.45774   0.00001  -0.00000   0.00001  -0.00004   0.00000  -0.00007
  -4.45774  43.55004  -0.00016   0.00000  -0.00014   0.00055  -0.00000   0.00065
   0.00001  -0.00016  -0.15127  -0.00000  -0.00008   0.60385   0.00000   0.00052
  -0.00000   0.00000  -0.00000  -0.15019   0.00000   0.00000   0.59710  -0.00000
   0.00001  -0.00014  -0.00008   0.00000  -0.15116   0.00052  -0.00000   0.60309
  -0.00004   0.00055   0.60385   0.00000   0.00052   0.02057  -0.00000  -0.00308
   0.00000  -0.00000   0.00000   0.59710  -0.00000  -0.00000   0.05972   0.00000
  -0.00007   0.00065   0.00052  -0.00000   0.60309  -0.00308   0.00000   0.02536


 ****** Psp strength Dij in Ha (atom      1) *****
  -0.04737   0.02390   0.00034  -0.00000  -0.00023
   0.02390   9.12514  -0.00468   0.00001   0.00323
   0.00034  -0.00468  -0.00250   0.00000  -0.00000
  -0.00000   0.00001   0.00000  -0.00175   0.00000
  -0.00023   0.00323  -0.00000   0.00000  -0.00230

 ****** Psp strength Dij in Ha (atom     18) *****
   0.43848  -4.45774   0.00001  -0.00000   0.00001  -0.00004   0.00000  -0.00007
  -4.45774  43.54998  -0.00016   0.00000  -0.00014   0.00055  -0.00000   0.00065
   0.00001  -0.00016  -0.15127  -0.00000  -0.00008   0.60384   0.00000   0.00052
  -0.00000   0.00000  -0.00000  -0.15019   0.00000   0.00000   0.59710  -0.00000
   0.00001  -0.00014  -0.00008   0.00000  -0.15116   0.00052  -0.00000   0.60308
  -0.00004   0.00055   0.60384   0.00000   0.00052   0.02064  -0.00000  -0.00308
   0.00000  -0.00000   0.00000   0.59710  -0.00000  -0.00000   0.05977   0.00000
  -0.00007   0.00065   0.00052  -0.00000   0.60308  -0.00308   0.00000   0.02542


 ****** Psp strength Dij in Ha (atom      1) *****
  -0.04737   0.02390   0.00034  -0.00000  -0.00023
   0.02390   9.12520  -0.00468   0.00001   0.00323
   0.00034  -0.00468  -0.00250   0.00000  -0.00000
  -0.00000   0.00001   0.00000  -0.00175   0.00000
  -0.00023   0.00323  -0.00000   0.00000  -0.00230

 ****** Psp strength Dij in Ha (atom     18) *****
   0.43848  -4.45774   0.00001  -0.00000   0.00001  -0.00004   0.00000  -0.00007
  -4.45774  43.55010  -0.00016   0.00000  -0.00014   0.00055  -0.00000   0.00065
   0.00001  -0.00016  -0.15127  -0.00000  -0.00008   0.60385   0.00000   0.00052
  -0.00000   0.00000  -0.00000  -0.15019   0.00000   0.00000   0.59711  -0.00000
   0.00001  -0.00014  -0.00008   0.00000  -0.15117   0.00052  -0.00000   0.60310
  -0.00004   0.00055   0.60385   0.00000   0.00052   0.02050  -0.00000  -0.00308
   0.00000  -0.00000   0.00000   0.59711  -0.00000  -0.00000   0.05966   0.00000
  -0.00007   0.00065   0.00052  -0.00000   0.60310  -0.00308   0.00000   0.02530


 ****** Psp strength Dij in Ha (atom      1) *****
  -0.04737   0.02390   0.00034  -0.00000  -0.00023
   0.02390   9.12517  -0.00468   0.00001   0.00323
   0.00034  -0.00468  -0.00250   0.00000  -0.00000
  -0.00000   0.00001   0.00000  -0.00175   0.00000
  -0.00023   0.00323  -0.00000   0.00000  -0.00230

 ****** Psp strength Dij in Ha (atom     18) *****
   0.43848  -4.45774   0.00001  -0.00000   0.00001  -0.00004   0.00000  -0.00007
  -4.45774  43.55004  -0.00016   0.00000  -0.00014   0.00055  -0.00000   0.00065
   0.00001  -0.00016  -0.15127  -0.00000  -0.00008   0.60385   0.00000   0.00052
  -0.00000   0.00000  -0.00000  -0.15019   0.00000   0.00000   0.59710  -0.00000
   0.00001  -0.00014  -0.00008   0.00000  -0.15116   0.00052  -0.00000   0.60309
  -0.00004   0.00055   0.60385   0.00000   0.00052   0.02057  -0.00000  -0.00308
   0.00000  -0.00000   0.00000   0.59710  -0.00000  -0.00000   0.05972   0.00000
  -0.00007   0.00065   0.00052  -0.00000   0.60309  -0.00308   0.00000   0.02536


 ****** Psp strength Dij in Ha (atom      1) *****
  -0.04737   0.02390   0.00034  -0.00000  -0.00023
   0.02390   9.12517  -0.00468   0.00001   0.00323
   0.00034  -0.00468  -0.00250   0.00000  -0.00000
  -0.00000   0.00001   0.00000  -0.00175   0.00000
  -0.00023   0.00323  -0.00000   0.00000  -0.00230

 ****** Psp strength Dij in Ha (atom     18) *****
   0.43848  -4.45774   0.00001  -0.00000   0.00001  -0.00004   0.00000  -0.00007
  -4.45774  43.55004  -0.00016   0.00000  -0.00014   0.00055  -0.00000   0.00065
   0.00001  -0.00016  -0.15127  -0.00000  -0.00008   0.60385   0.00000   0.00052
  -0.00000   0.00000  -0.00000  -0.15019   0.00000   0.00000   0.59710  -0.00000
   0.00001  -0.00014  -0.00008   0.00000  -0.15116   0.00052  -0.00000   0.60309
  -0.00004   0.00055   0.60385   0.00000   0.00052   0.02057  -0.00000  -0.00308
   0.00000  -0.00000   0.00000   0.59710  -0.00000  -0.00000   0.05972   0.00000
  -0.00007   0.00065   0.00052  -0.00000   0.60309  -0.00308   0.00000   0.02536


 ****** Psp strength Dij in Ha (atom      1) *****
  -0.04737   0.02391   0.00034  -0.00000  -0.00023
   0.02391   9.12513  -0.00468   0.00001   0.00323
   0.00034  -0.00468  -0.00250   0.00000  -0.00000
  -0.00000   0.00001   0.00000  -0.00175   0.00000
  -0.00023   0.00323  -0.00000   0.00000  -0.00230

 ****** Psp strength Dij in Ha (atom     18) *****
   0.43848  -4.45776   0.00001  -0.00000   0.00001  -0.00004   0.00000  -0.00007
  -4.45776  43.55022  -0.00016   0.00000  -0.00014   0.00055  -0.00000   0.00063
   0.00001  -0.00016  -0.15127  -0.00000  -0.00008   0.60385   0.00000   0.00052
  -0.00000   0.00000  -0.00000  -0.15019   0.00000   0.00000   0.59711  -0.00000
   0.00001  -0.00014  -0.00008   0.00000  -0.15117   0.00052  -0.00000   0.60309
  -0.00004   0.00055   0.60385   0.00000   0.00052   0.02055  -0.00000  -0.00308
   0.00000  -0.00000   0.00000   0.59711  -0.00000  -0.00000   0.05969   0.00000
  -0.00007   0.00063   0.00052  -0.00000   0.60309  -0.00308   0.00000   0.02534


 ****** Psp strength Dij in Ha (atom      1) *****
  -0.04737   0.02390   0.00034  -0.00000  -0.00023
   0.02390   9.12519  -0.00468   0.00001   0.00323
   0.00034  -0.00468  -0.00250   0.00000  -0.00000
  -0.00000   0.00001   0.00000  -0.00175   0.00000
  -0.00023   0.00323  -0.00000   0.00000  -0.00230

 ****** Psp strength Dij in Ha (atom     18) *****
   0.43848  -4.45776   0.00001  -0.00000   0.00001  -0.00004   0.00000  -0.00007
  -4.45776  43.55034  -0.00016   0.00000  -0.00014   0.00055  -0.00000   0.00064
   0.00001  -0.00016  -0.15128  -0.00000  -0.00008   0.60387   0.00000   0.00052
  -0.00000   0.00000  -0.00000  -0.15019   0.00000   0.00000   0.59712  -0.00000
   0.00001  -0.00014  -0.00008   0.00000  -0.15117   0.00052  -0.00000   0.60311
  -0.00004   0.00055   0.60387   0.00000   0.00052   0.02042  -0.00000  -0.00308
   0.00000  -0.00000   0.00000   0.59712  -0.00000  -0.00000   0.05958   0.00000
  -0.00007   0.00064   0.00052  -0.00000   0.60311  -0.00308   0.00000   0.02522


 ****** Psp strength Dij in Ha (atom      1) *****
  -0.04737   0.02390   0.00034  -0.00000  -0.00023
   0.02390   9.12515  -0.00468   0.00001   0.00323
   0.00034  -0.00468  -0.00250   0.00000  -0.00000
  -0.00000   0.00001   0.00000  -0.00175   0.00000
  -0.00023   0.00323  -0.00000   0.00000  -0.00230

 ****** Psp strength Dij in Ha (atom     18) *****
   0.43848  -4.45778   0.00001  -0.00000   0.00001  -0.00004   0.00000  -0.00007
  -4.45778  43.55052  -0.00016   0.00000  -0.00014   0.00055  -0.00000   0.00062
   0.00001  -0.00016  -0.15128  -0.00000  -0.00008   0.60387   0.00000   0.00052
  -0.00000   0.00000  -0.00000  -0.15019   0.00000   0.00000   0.59713  -0.00000
   0.00001  -0.00014  -0.00008   0.00000  -0.15117   0.00052  -0.00000   0.60311
  -0.00004   0.00055   0.60387   0.00000   0.00052   0.02041  -0.00000  -0.00308
   0.00000  -0.00000   0.00000   0.59713  -0.00000  -0.00000   0.05956   0.00000
  -0.00007   0.00062   0.00052  -0.00000   0.60311  -0.00308   0.00000   0.02520


 ****** Psp strength Dij in Ha (atom      1) *****
  -0.04737   0.02390   0.00034  -0.00000  -0.00023
   0.02390   9.12517  -0.00468   0.00001   0.00323
   0.00034  -0.00468  -0.00250   0.00000  -0.00000
  -0.00000   0.00001   0.00000  -0.00175   0.00000
  -0.00023   0.00323  -0.00000   0.00000  -0.00230

 ****** Psp strength Dij in Ha (atom     18) *****
   0.43848  -4.45774   0.00001  -0.00000   0.00001  -0.00004   0.00000  -0.00007
  -4.45774  43.55004  -0.00016   0.00000  -0.00014   0.00055  -0.00000   0.00065
   0.00001  -0.00016  -0.15127  -0.00000  -0.00008   0.60385   0.00000   0.00052
  -0.00000   0.00000  -0.00000  -0.15019   0.00000   0.00000   0.59710  -0.00000
   0.00001  -0.00014  -0.00008   0.00000  -0.15116   0.00052  -0.00000   0.60309
  -0.00004   0.00055   0.60385   0.00000   0.00052   0.02057  -0.00000  -0.00308
   0.00000  -0.00000   0.00000   0.59710  -0.00000  -0.00000   0.05972   0.00000
  -0.00007   0.00065   0.00052  -0.00000   0.60309  -0.00308   0.00000   0.02536


 ****** Psp strength Dij in Ha (atom      1) *****
  -0.04737   0.02390   0.00034  -0.00000  -0.00023
   0.02390   9.12514  -0.00468   0.00001   0.00323
   0.00034  -0.00468  -0.00250   0.00000  -0.00000
  -0.00000   0.00001   0.00000  -0.00175   0.00000
  -0.00023   0.00323  -0.00000   0.00000  -0.00230

 ****** Psp strength Dij in Ha (atom     18) *****
   0.43848  -4.45774   0.00001  -0.00000   0.00001  -0.00004   0.00000  -0.00007
  -4.45774  43.54998  -0.00016   0.00000  -0.00014   0.00055  -0.00000   0.00065
   0.00001  -0.00016  -0.15127  -0.00000  -0.00008   0.60384   0.00000   0.00052
  -0.00000   0.00000  -0.00000  -0.15019   0.00000   0.00000   0.59710  -0.00000
   0.00001  -0.00014  -0.00008   0.00000  -0.15116   0.00052  -0.00000   0.60308
  -0.00004   0.00055   0.60384   0.00000   0.00052   0.02064  -0.00000  -0.00308
   0.00000  -0.00000   0.00000   0.59710  -0.00000  -0.00000   0.05977   0.00000
  -0.00007   0.00065   0.00052  -0.00000   0.60308  -0.00308   0.00000   0.02542


 ****** Psp strength Dij in Ha (atom      1) *****
  -0.04737   0.02390   0.00034  -0.00000  -0.00023
   0.02390   9.12520  -0.00468   0.00001   0.00323
   0.00034  -0.00468  -0.00250   0.00000  -0.00000
  -0.00000   0.00001   0.00000  -0.00175   0.00000
  -0.00023   0.00323  -0.00000   0.00000  -0.00230

 ****** Psp strength Dij in Ha (atom     18) *****
   0.43848  -4.45774   0.00001  -0.00000   0.00001  -0.00004   0.00000  -0.00007
  -4.45774  43.55010  -0.00016   0.00000  -0.00014   0.00055  -0.00000   0.00065
   0.00001  -0.00016  -0.15127  -0.00000  -0.00008   0.60385   0.00000   0.00052
  -0.00000   0.00000  -0.00000  -0.15019   0.00000   0.00000   0.59711  -0.00000
   0.00001  -0.00014  -0.00008   0.00000  -0.15117   0.00052  -0.00000   0.60310
  -0.00004   0.00055   0.60385   0.00000   0.00052   0.02050  -0.00000  -0.00308
   0.00000  -0.00000   0.00000   0.59711  -0.00000  -0.00000   0.05966   0.00000
  -0.00007   0.00065   0.00052  -0.00000   0.60310  -0.00308   0.00000   0.02530


 ****** Psp strength Dij in Ha (atom      1) *****
  -0.04737   0.02390   0.00034  -0.00000  -0.00023
   0.02390   9.12517  -0.00468   0.00001   0.00323
   0.00034  -0.00468  -0.00250   0.00000  -0.00000
  -0.00000   0.00001   0.00000  -0.00175   0.00000
  -0.00023   0.00323  -0.00000   0.00000  -0.00230

 ****** Psp strength Dij in Ha (atom     18) *****
   0.43848  -4.45774   0.00001  -0.00000   0.00001  -0.00004   0.00000  -0.00007
  -4.45774  43.55004  -0.00016   0.00000  -0.00014   0.00055  -0.00000   0.00065
   0.00001  -0.00016  -0.15127  -0.00000  -0.00008   0.60385   0.00000   0.00052
  -0.00000   0.00000  -0.00000  -0.15019   0.00000   0.00000   0.59710  -0.00000
   0.00001  -0.00014  -0.00008   0.00000  -0.15116   0.00052  -0.00000   0.60309
  -0.00004   0.00055   0.60385   0.00000   0.00052   0.02057  -0.00000  -0.00308
   0.00000  -0.00000   0.00000   0.59710  -0.00000  -0.00000   0.05972   0.00000
  -0.00007   0.00065   0.00052  -0.00000   0.60309  -0.00308   0.00000   0.02536


 ****** Psp strength Dij in Ha (atom      1) *****
  -0.04737   0.02390   0.00034  -0.00000  -0.00023
   0.02390   9.12515  -0.00468   0.00001   0.00323
   0.00034  -0.00468  -0.00250   0.00000  -0.00000
  -0.00000   0.00001   0.00000  -0.00175   0.00000
  -0.00023   0.00323  -0.00000   0.00000  -0.00230

 ****** Psp strength Dij in Ha (atom     18) *****
   0.43848  -4.45778   0.00001  -0.00000   0.00001  -0.00004   0.00000  -0.00007
  -4.45778  43.55052  -0.00016   0.00000  -0.00014   0.00055  -0.00000   0.00062
   0.00001  -0.00016  -0.15128  -0.00000  -0.00008   0.60387   0.00000   0.00052
  -0.00000   0.00000  -0.00000  -0.15019   0.00000   0.00000   0.59713  -0.00000
   0.00001  -0.00014  -0.00008   0.00000  -0.15117   0.00052  -0.00000   0.60311
  -0.00004   0.00055   0.60387   0.00000   0.00052   0.02041  -0.00000  -0.00308
   0.00000  -0.00000   0.00000   0.59713  -0.00000  -0.00000   0.05956   0.00000
  -0.00007   0.00062   0.00052  -0.00000   0.60311  -0.00308   0.00000   0.02520


 ****** Psp strength Dij in Ha (atom      1) *****
  -0.04737   0.02391   0.00034  -0.00000  -0.00023
   0.02391   9.12512  -0.00468   0.00001   0.00323
   0.00034  -0.00468  -0.00250   0.00000  -0.00000
  -0.00000   0.00001   0.00000  -0.00175   0.00000
  -0.00023   0.00323  -0.00000   0.00000  -0.00230

 ****** Psp strength Dij in Ha (atom     18) *****
   0.43849  -4.45779   0.00001  -0.00000   0.00001  -0.00004   0.00000  -0.00006
  -4.45779  43.55069  -0.00016   0.00000  -0.00014   0.00055  -0.00000   0.00060
   0.00001  -0.00016  -0.15128  -0.00000  -0.00008   0.60387   0.00000   0.00053
  -0.00000   0.00000  -0.00000  -0.15019   0.00000   0.00000   0.59713  -0.00000
   0.00001  -0.00014  -0.00008   0.00000  -0.15117   0.00053  -0.00000   0.60312
  -0.00004   0.00055   0.60387   0.00000   0.00053   0.02039  -0.00000  -0.00309
   0.00000  -0.00000   0.00000   0.59713  -0.00000  -0.00000   0.05953   0.00000
  -0.00006   0.00060   0.00053  -0.00000   0.60312  -0.00309   0.00000   0.02518


 ****** Psp strength Dij in Ha (atom      1) *****
  -0.04737   0.02390   0.00034  -0.00000  -0.00023
   0.02390   9.12518  -0.00468   0.00001   0.00323
   0.00034  -0.00468  -0.00250   0.00000  -0.00000
  -0.00000   0.00001   0.00000  -0.00175   0.00000
  -0.00023   0.00323  -0.00000   0.00000  -0.00230

 ****** Psp strength Dij in Ha (atom     18) *****
   0.43848  -4.45779   0.00001  -0.00000   0.00001  -0.00004   0.00000  -0.00006
  -4.45779  43.55081  -0.00016   0.00000  -0.00013   0.00055  -0.00000   0.00061
   0.00001  -0.00016  -0.15128  -0.00000  -0.00008   0.60389   0.00000   0.00053
  -0.00000   0.00000  -0.00000  -0.15019   0.00000   0.00000   0.59715  -0.00000
   0.00001  -0.00013  -0.00008   0.00000  -0.15117   0.00053  -0.00000   0.60313
  -0.00004   0.00055   0.60389   0.00000   0.00053   0.02026  -0.00000  -0.00309
   0.00000  -0.00000   0.00000   0.59715  -0.00000  -0.00000   0.05942   0.00000
  -0.00006   0.00061   0.00053  -0.00000   0.60313  -0.00309   0.00000   0.02506


 ****** Psp strength Dij in Ha (atom      1) *****
  -0.04737   0.02390   0.00034  -0.00000  -0.00023
   0.02390   9.12514  -0.00468   0.00001   0.00323
   0.00034  -0.00468  -0.00250   0.00000  -0.00000
  -0.00000   0.00001   0.00000  -0.00175   0.00000
  -0.00023   0.00323  -0.00000   0.00000  -0.00230

 ****** Psp strength Dij in Ha (atom     18) *****
   0.43849  -4.45781   0.00001  -0.00000   0.00001  -0.00004   0.00000  -0.00006
  -4.45781  43.55098  -0.00016   0.00000  -0.00013   0.00055  -0.00000   0.00059
   0.00001  -0.00016  -0.15128  -0.00000  -0.00008   0.60389   0.00000   0.00053
  -0.00000   0.00000  -0.00000  -0.15019   0.00000   0.00000   0.59715  -0.00000
   0.00001  -0.00013  -0.00008   0.00000  -0.15117   0.00053  -0.00000   0.60314
  -0.00004   0.00055   0.60389   0.00000   0.00053   0.02025  -0.00000  -0.00309
   0.00000  -0.00000   0.00000   0.59715  -0.00000  -0.00000   0.05940   0.00000
  -0.00006   0.00059   0.00053  -0.00000   0.60314  -0.00309   0.00000   0.02504


 ****** Psp strength Dij in Ha (atom      1) *****
  -0.04737   0.02390   0.00034  -0.00000  -0.00023
   0.02390   9.12517  -0.00468   0.00001   0.00323
   0.00034  -0.00468  -0.00250   0.00000  -0.00000
  -0.00000   0.00001   0.00000  -0.00175   0.00000
  -0.00023   0.00323  -0.00000   0.00000  -0.00230

 ****** Psp strength Dij in Ha (atom     18) *****
   0.43848  -4.45774   0.00001  -0.00000   0.00001  -0.00004   0.00000  -0.00007
  -4.45774  43.55004  -0.00016   0.00000  -0.00014   0.00055  -0.00000   0.00065
   0.00001  -0.00016  -0.15127  -0.00000  -0.00008   0.60385   0.00000   0.00052
  -0.00000   0.00000  -0.00000  -0.15019   0.00000   0.00000   0.59710  -0.00000
   0.00001  -0.00014  -0.00008   0.00000  -0.15116   0.00052  -0.00000   0.60309
  -0.00004   0.00055   0.60385   0.00000   0.00052   0.02057  -0.00000  -0.00308
   0.00000  -0.00000   0.00000   0.59710  -0.00000  -0.00000   0.05972   0.00000
  -0.00007   0.00065   0.00052  -0.00000   0.60309  -0.00308   0.00000   0.02536


 ****** Psp strength Dij in Ha (atom      1) *****
  -0.04737   0.02390   0.00034  -0.00000  -0.00023
   0.02390   9.12514  -0.00468   0.00001   0.00323
   0.00034  -0.00468  -0.00250   0.00000  -0.00000
  -0.00000   0.00001   0.00000  -0.00175   0.00000
  -0.00023   0.00323  -0.00000   0.00000  -0.00230

 ****** Psp strength Dij in Ha (atom     18) *****
   0.43848  -4.45774   0.00001  -0.00000   0.00001  -0.00004   0.00000  -0.00007
  -4.45774  43.54998  -0.00016   0.00000  -0.00014   0.00055  -0.00000   0.00065
   0.00001  -0.00016  -0.15127  -0.00000  -0.00008   0.60384   0.00000   0.00052
  -0.00000   0.00000  -0.00000  -0.15019   0.00000   0.00000   0.59710  -0.00000
   0.00001  -0.00014  -0.00008   0.00000  -0.15116   0.00052  -0.00000   0.60308
  -0.00004   0.00055   0.60384   0.00000   0.00052   0.02064  -0.00000  -0.00308
   0.00000  -0.00000   0.00000   0.59710  -0.00000  -0.00000   0.05977   0.00000
  -0.00007   0.00065   0.00052  -0.00000   0.60308  -0.00308   0.00000   0.02542


 ****** Psp strength Dij in Ha (atom      1) *****
  -0.04737   0.02390   0.00034  -0.00000  -0.00023
   0.02390   9.12520  -0.00468   0.00001   0.00323
   0.00034  -0.00468  -0.00250   0.00000  -0.00000
  -0.00000   0.00001   0.00000  -0.00175   0.00000
  -0.00023   0.00323  -0.00000   0.00000  -0.00230

 ****** Psp strength Dij in Ha (atom     18) *****
   0.43848  -4.45774   0.00001  -0.00000   0.00001  -0.00004   0.00000  -0.00007
  -4.45774  43.55010  -0.00016   0.00000  -0.00014   0.00055  -0.00000   0.00065
   0.00001  -0.00016  -0.15127  -0.00000  -0.00008   0.60385   0.00000   0.00052
  -0.00000   0.00000  -0.00000  -0.15019   0.00000   0.00000   0.59711  -0.00000
   0.00001  -0.00014  -0.00008   0.00000  -0.15117   0.00052  -0.00000   0.60310
  -0.00004   0.00055   0.60385   0.00000   0.00052   0.02050  -0.00000  -0.00308
   0.00000  -0.00000   0.00000   0.59711  -0.00000  -0.00000   0.05966   0.00000
  -0.00007   0.00065   0.00052  -0.00000   0.60310  -0.00308   0.00000   0.02530


 ****** Psp strength Dij in Ha (atom      1) *****
  -0.04737   0.02390   0.00034  -0.00000  -0.00023
   0.02390   9.12517  -0.00468   0.00001   0.00323
   0.00034  -0.00468  -0.00250   0.00000  -0.00000
  -0.00000   0.00001   0.00000  -0.00175   0.00000
  -0.00023   0.00323  -0.00000   0.00000  -0.00230

 ****** Psp strength Dij in Ha (atom     18) *****
   0.43848  -4.45774   0.00001  -0.00000   0.00001  -0.00004   0.00000  -0.00007
  -4.45774  43.55004  -0.00016   0.00000  -0.00014   0.00055  -0.00000   0.00065
   0.00001  -0.00016  -0.15127  -0.00000  -0.00008   0.60385   0.00000   0.00052
  -0.00000   0.00000  -0.00000  -0.15019   0.00000   0.00000   0.59710  -0.00000
   0.00001  -0.00014  -0.00008   0.00000  -0.15116   0.00052  -0.00000   0.60309
  -0.00004   0.00055   0.60385   0.00000   0.00052   0.02057  -0.00000  -0.00308
   0.00000  -0.00000   0.00000   0.59710  -0.00000  -0.00000   0.05972   0.00000
  -0.00007   0.00065   0.00052  -0.00000   0.60309  -0.00308   0.00000   0.02536


 ****** Psp strength Dij in Ha (atom      1) *****
  -0.04737   0.02390   0.00034  -0.00000  -0.00023
   0.02390   9.12514  -0.00468   0.00001   0.00323
   0.00034  -0.00468  -0.00250   0.00000  -0.00000
  -0.00000   0.00001   0.00000  -0.00175   0.00000
  -0.00023   0.00323  -0.00000   0.00000  -0.00230

 ****** Psp strength Dij in Ha (atom     18) *****
   0.43849  -4.45781   0.00001  -0.00000   0.00001  -0.00004   0.00000  -0.00006
  -4.45781  43.55098  -0.00016   0.00000  -0.00013   0.00055  -0.00000   0.00059
   0.00001  -0.00016  -0.15128  -0.00000  -0.00008   0.60389   0.00000   0.00053
  -0.00000   0.00000  -0.00000  -0.15019   0.00000   0.00000   0.59715  -0.00000
   0.00001  -0.00013  -0.00008   0.00000  -0.15117   0.00053  -0.00000   0.60314
  -0.00004   0.00055   0.60389   0.00000   0.00053   0.02025  -0.00000  -0.00309
   0.00000  -0.00000   0.00000   0.59715  -0.00000  -0.00000   0.05940   0.00000
  -0.00006   0.00059   0.00053  -0.00000   0.60314  -0.00309   0.00000   0.02504


 ****** Psp strength Dij in Ha (atom      1) *****
  -0.04737   0.02391   0.00034  -0.00000  -0.00023
   0.02391   9.12510  -0.00468   0.00001   0.00323
   0.00034  -0.00468  -0.00250   0.00000  -0.00000
  -0.00000   0.00001   0.00000  -0.00175   0.00000
  -0.00023   0.00323  -0.00000   0.00000  -0.00230

 ****** Psp strength Dij in Ha (atom     18) *****
   0.43849  -4.45783   0.00001  -0.00000   0.00001  -0.00004   0.00000  -0.00006
  -4.45783  43.55115  -0.00016   0.00000  -0.00014   0.00055  -0.00000   0.00058
   0.00001  -0.00016  -0.15128  -0.00000  -0.00008   0.60390   0.00000   0.00053
  -0.00000   0.00000  -0.00000  -0.15019   0.00000   0.00000   0.59715  -0.00000
   0.00001  -0.00014  -0.00008   0.00000  -0.15117   0.00053  -0.00000   0.60314
  -0.00004   0.00055   0.60390   0.00000   0.00053   0.02023  -0.00000  -0.00309
   0.00000  -0.00000   0.00000   0.59715  -0.00000  -0.00000   0.05938   0.00000
  -0.00006   0.00058   0.00053  -0.00000   0.60314  -0.00309   0.00000   0.02502


 ****** Psp strength Dij in Ha (atom      1) *****
  -0.04737   0.02390   0.00034  -0.00000  -0.00023
   0.02390   9.12516  -0.00468   0.00001   0.00323
   0.00034  -0.00468  -0.00250   0.00000  -0.00000
  -0.00000   0.00001   0.00000  -0.00175   0.00000
  -0.00023   0.00323  -0.00000   0.00000  -0.00230

 ****** Psp strength Dij in Ha (atom     18) *****
   0.43849  -4.45783   0.00001  -0.00000   0.00001  -0.00004   0.00000  -0.00006
  -4.45783  43.55128  -0.00016   0.00000  -0.00013   0.00055  -0.00000   0.00058
   0.00001  -0.00016  -0.15128  -0.00000  -0.00008   0.60392   0.00000   0.00053
  -0.00000   0.00000  -0.00000  -0.15020   0.00000   0.00000   0.59717  -0.00000
   0.00001  -0.00013  -0.00008   0.00000  -0.15117   0.00053  -0.00000   0.60316
  -0.00004   0.00055   0.60392   0.00000   0.00053   0.02010  -0.00000  -0.00309
   0.00000  -0.00000   0.00000   0.59717  -0.00000  -0.00000   0.05926   0.00000
  -0.00006   0.00058   0.00053  -0.00000   0.60316  -0.00309   0.00000   0.02490


 ****** Psp strength Dij in Ha (atom      1) *****
  -0.04737   0.02391   0.00034  -0.00000  -0.00023
   0.02391   9.12513  -0.00468   0.00001   0.00323
   0.00034  -0.00468  -0.00250   0.00000  -0.00000
  -0.00000   0.00001   0.00000  -0.00175   0.00000
  -0.00023   0.00323  -0.00000   0.00000  -0.00230

 ****** Psp strength Dij in Ha (atom     18) *****
   0.43849  -4.45785   0.00001  -0.00000   0.00001  -0.00004   0.00000  -0.00006
  -4.45785  43.55144  -0.00016   0.00000  -0.00013   0.00055  -0.00000   0.00057
   0.00001  -0.00016  -0.15128  -0.00000  -0.00008   0.60392   0.00000   0.00053
  -0.00000   0.00000  -0.00000  -0.15020   0.00000   0.00000   0.59717  -0.00000
   0.00001  -0.00013  -0.00008   0.00000  -0.15118   0.00053  -0.00000   0.60316
  -0.00004   0.00055   0.60392   0.00000   0.00053   0.02009  -0.00000  -0.00310
   0.00000  -0.00000   0.00000   0.59717  -0.00000  -0.00000   0.05924   0.00000
  -0.00006   0.00057   0.00053  -0.00000   0.60316  -0.00310   0.00000   0.02488


 ****** Psp strength Dij in Ha (atom      1) *****
  -0.04737   0.02390   0.00034  -0.00000  -0.00023
   0.02390   9.12517  -0.00468   0.00001   0.00323
   0.00034  -0.00468  -0.00250   0.00000  -0.00000
  -0.00000   0.00001   0.00000  -0.00175   0.00000
  -0.00023   0.00323  -0.00000   0.00000  -0.00230

 ****** Psp strength Dij in Ha (atom     18) *****
   0.43848  -4.45774   0.00001  -0.00000   0.00001  -0.00004   0.00000  -0.00007
  -4.45774  43.55004  -0.00016   0.00000  -0.00014   0.00055  -0.00000   0.00065
   0.00001  -0.00016  -0.15127  -0.00000  -0.00008   0.60385   0.00000   0.00052
  -0.00000   0.00000  -0.00000  -0.15019   0.00000   0.00000   0.59710  -0.00000
   0.00001  -0.00014  -0.00008   0.00000  -0.15116   0.00052  -0.00000   0.60309
  -0.00004   0.00055   0.60385   0.00000   0.00052   0.02057  -0.00000  -0.00308
   0.00000  -0.00000   0.00000   0.59710  -0.00000  -0.00000   0.05972   0.00000
  -0.00007   0.00065   0.00052  -0.00000   0.60309  -0.00308   0.00000   0.02536


 ****** Psp strength Dij in Ha (atom      1) *****
  -0.04737   0.02390   0.00034  -0.00000  -0.00023
   0.02390   9.12514  -0.00468   0.00001   0.00323
   0.00034  -0.00468  -0.00250   0.00000  -0.00000
  -0.00000   0.00001   0.00000  -0.00175   0.00000
  -0.00023   0.00323  -0.00000   0.00000  -0.00230

 ****** Psp strength Dij in Ha (atom     18) *****
   0.43848  -4.45774   0.00001  -0.00000   0.00001  -0.00004   0.00000  -0.00007
  -4.45774  43.54998  -0.00016   0.00000  -0.00014   0.00055  -0.00000   0.00065
   0.00001  -0.00016  -0.15127  -0.00000  -0.00008   0.60384   0.00000   0.00052
  -0.00000   0.00000  -0.00000  -0.15019   0.00000   0.00000   0.59710  -0.00000
   0.00001  -0.00014  -0.00008   0.00000  -0.15116   0.00052  -0.00000   0.60308
  -0.00004   0.00055   0.60384   0.00000   0.00052   0.02064  -0.00000  -0.00308
   0.00000  -0.00000   0.00000   0.59710  -0.00000  -0.00000   0.05977   0.00000
  -0.00007   0.00065   0.00052  -0.00000   0.60308  -0.00308   0.00000   0.02542


 ****** Psp strength Dij in Ha (atom      1) *****
  -0.04737   0.02390   0.00034  -0.00000  -0.00023
   0.02390   9.12520  -0.00468   0.00001   0.00323
   0.00034  -0.00468  -0.00250   0.00000  -0.00000
  -0.00000   0.00001   0.00000  -0.00175   0.00000
  -0.00023   0.00323  -0.00000   0.00000  -0.00230

 ****** Psp strength Dij in Ha (atom     18) *****
   0.43848  -4.45774   0.00001  -0.00000   0.00001  -0.00004   0.00000  -0.00007
  -4.45774  43.55010  -0.00016   0.00000  -0.00014   0.00055  -0.00000   0.00065
   0.00001  -0.00016  -0.15127  -0.00000  -0.00008   0.60385   0.00000   0.00052
  -0.00000   0.00000  -0.00000  -0.15019   0.00000   0.00000   0.59711  -0.00000
   0.00001  -0.00014  -0.00008   0.00000  -0.15117   0.00052  -0.00000   0.60310
  -0.00004   0.00055   0.60385   0.00000   0.00052   0.02050  -0.00000  -0.00308
   0.00000  -0.00000   0.00000   0.59711  -0.00000  -0.00000   0.05966   0.00000
  -0.00007   0.00065   0.00052  -0.00000   0.60310  -0.00308   0.00000   0.02530


 ****** Psp strength Dij in Ha (atom      1) *****
  -0.04737   0.02390   0.00034  -0.00000  -0.00023
   0.02390   9.12517  -0.00468   0.00001   0.00323
   0.00034  -0.00468  -0.00250   0.00000  -0.00000
  -0.00000   0.00001   0.00000  -0.00175   0.00000
  -0.00023   0.00323  -0.00000   0.00000  -0.00230

 ****** Psp strength Dij in Ha (atom     18) *****
   0.43848  -4.45774   0.00001  -0.00000   0.00001  -0.00004   0.00000  -0.00007
  -4.45774  43.55004  -0.00016   0.00000  -0.00014   0.00055  -0.00000   0.00065
   0.00001  -0.00016  -0.15127  -0.00000  -0.00008   0.60385   0.00000   0.00052
  -0.00000   0.00000  -0.00000  -0.15019   0.00000   0.00000   0.59710  -0.00000
   0.00001  -0.00014  -0.00008   0.00000  -0.15116   0.00052  -0.00000   0.60309
  -0.00004   0.00055   0.60385   0.00000   0.00052   0.02057  -0.00000  -0.00308
   0.00000  -0.00000   0.00000   0.59710  -0.00000  -0.00000   0.05972   0.00000
  -0.00007   0.00065   0.00052  -0.00000   0.60309  -0.00308   0.00000   0.02536


 ****** Psp strength Dij in Ha (atom      1) *****
  -0.04737   0.02391   0.00034  -0.00000  -0.00023
   0.02391   9.12513  -0.00468   0.00001   0.00323
   0.00034  -0.00468  -0.00250   0.00000  -0.00000
  -0.00000   0.00001   0.00000  -0.00175   0.00000
  -0.00023   0.00323  -0.00000   0.00000  -0.00230

 ****** Psp strength Dij in Ha (atom     18) *****
   0.43849  -4.45785   0.00001  -0.00000   0.00001  -0.00004   0.00000  -0.00006
  -4.45785  43.55144  -0.00016   0.00000  -0.00013   0.00055  -0.00000   0.00057
   0.00001  -0.00016  -0.15128  -0.00000  -0.00008   0.60392   0.00000   0.00053
  -0.00000   0.00000  -0.00000  -0.15020   0.00000   0.00000   0.59717  -0.00000
   0.00001  -0.00013  -0.00008   0.00000  -0.15118   0.00053  -0.00000   0.60316
  -0.00004   0.00055   0.60392   0.00000   0.00053   0.02009  -0.00000  -0.00310
   0.00000  -0.00000   0.00000   0.59717  -0.00000  -0.00000   0.05924   0.00000
  -0.00006   0.00057   0.00053  -0.00000   0.60316  -0.00310   0.00000   0.02488


 ****** Psp strength Dij in Ha (atom      1) *****
  -0.04737   0.02391   0.00034  -0.00000  -0.00023
   0.02391   9.12509  -0.00468   0.00001   0.00323
   0.00034  -0.00468  -0.00250   0.00000  -0.00000
  -0.00000   0.00001   0.00000  -0.00175   0.00000
  -0.00023   0.00323  -0.00000   0.00000  -0.00230

 ****** Psp strength Dij in Ha (atom     18) *****
   0.43849  -4.45787   0.00001  -0.00000   0.00001  -0.00004   0.00000  -0.00006
  -4.45787  43.55160  -0.00016   0.00000  -0.00013   0.00055  -0.00000   0.00056
   0.00001  -0.00016  -0.15128  -0.00000  -0.00008   0.60392   0.00000   0.00053
  -0.00000   0.00000  -0.00000  -0.15020   0.00000   0.00000   0.59718  -0.00000
   0.00001  -0.00013  -0.00008   0.00000  -0.15118   0.00053  -0.00000   0.60316
  -0.00004   0.00055   0.60392   0.00000   0.00053   0.02008  -0.00000  -0.00310
   0.00000  -0.00000   0.00000   0.59718  -0.00000  -0.00000   0.05923   0.00000
  -0.00006   0.00056   0.00053  -0.00000   0.60316  -0.00310   0.00000   0.02487


 ****** Psp strength Dij in Ha (atom      1) *****
  -0.04737   0.02390   0.00034  -0.00000  -0.00023
   0.02390   9.12515  -0.00468   0.00001   0.00323
   0.00034  -0.00468  -0.00250   0.00000  -0.00000
  -0.00000   0.00001   0.00000  -0.00175   0.00000
  -0.00023   0.00323  -0.00000   0.00000  -0.00230

 ****** Psp strength Dij in Ha (atom     18) *****
   0.43849  -4.45787   0.00001  -0.00000   0.00001  -0.00004   0.00000  -0.00006
  -4.45787  43.55173  -0.00016   0.00000  -0.00013   0.00055  -0.00000   0.00057
   0.00001  -0.00016  -0.15129  -0.00000  -0.00008   0.60394   0.00000   0.00053
  -0.00000   0.00000  -0.00000  -0.15020   0.00000   0.00000   0.59719  -0.00000
   0.00001  -0.00013  -0.00008   0.00000  -0.15118   0.00053  -0.00000   0.60318
  -0.00004   0.00055   0.60394   0.00000   0.00053   0.01995  -0.00000  -0.00310
   0.00000  -0.00000   0.00000   0.59719  -0.00000  -0.00000   0.05911   0.00000
  -0.00006   0.00057   0.00053  -0.00000   0.60318  -0.00310   0.00000   0.02474


 ****** Psp strength Dij in Ha (atom      1) *****
  -0.04737   0.02391   0.00034  -0.00000  -0.00023
   0.02391   9.12511  -0.00468   0.00001   0.00323
   0.00034  -0.00468  -0.00250   0.00000  -0.00000
  -0.00000   0.00001   0.00000  -0.00175   0.00000
  -0.00023   0.00323  -0.00000   0.00000  -0.00230

 ****** Psp strength Dij in Ha (atom     18) *****
   0.43849  -4.45788   0.00001  -0.00000   0.00001  -0.00004   0.00000  -0.00006
  -4.45788  43.55189  -0.00016   0.00000  -0.00013   0.00055  -0.00000   0.00056
   0.00001  -0.00016  -0.15129  -0.00000  -0.00008   0.60394   0.00000   0.00053
  -0.00000   0.00000  -0.00000  -0.15020   0.00000   0.00000   0.59720  -0.00000
   0.00001  -0.00013  -0.00008   0.00000  -0.15118   0.00053  -0.00000   0.60318
  -0.00004   0.00055   0.60394   0.00000   0.00053   0.01994  -0.00000  -0.00310
   0.00000  -0.00000   0.00000   0.59720  -0.00000  -0.00000   0.05909   0.00000
  -0.00006   0.00056   0.00053  -0.00000   0.60318  -0.00310   0.00000   0.02473


 ****** Psp strength Dij in Ha (atom      1) *****
  -0.04737   0.02390   0.00034  -0.00000  -0.00023
   0.02390   9.12517  -0.00468   0.00001   0.00323
   0.00034  -0.00468  -0.00250   0.00000  -0.00000
  -0.00000   0.00001   0.00000  -0.00175   0.00000
  -0.00023   0.00323  -0.00000   0.00000  -0.00230

 ****** Psp strength Dij in Ha (atom     18) *****
   0.43848  -4.45774   0.00001  -0.00000   0.00001  -0.00004   0.00000  -0.00007
  -4.45774  43.55004  -0.00016   0.00000  -0.00014   0.00055  -0.00000   0.00065
   0.00001  -0.00016  -0.15127  -0.00000  -0.00008   0.60385   0.00000   0.00052
  -0.00000   0.00000  -0.00000  -0.15019   0.00000   0.00000   0.59710  -0.00000
   0.00001  -0.00014  -0.00008   0.00000  -0.15116   0.00052  -0.00000   0.60309
  -0.00004   0.00055   0.60385   0.00000   0.00052   0.02057  -0.00000  -0.00308
   0.00000  -0.00000   0.00000   0.59710  -0.00000  -0.00000   0.05972   0.00000
  -0.00007   0.00065   0.00052  -0.00000   0.60309  -0.00308   0.00000   0.02536


 ****** Psp strength Dij in Ha (atom      1) *****
  -0.04737   0.02390   0.00034  -0.00000  -0.00023
   0.02390   9.12514  -0.00468   0.00001   0.00323
   0.00034  -0.00468  -0.00250   0.00000  -0.00000
  -0.00000   0.00001   0.00000  -0.00175   0.00000
  -0.00023   0.00323  -0.00000   0.00000  -0.00230

 ****** Psp strength Dij in Ha (atom     18) *****
   0.43848  -4.45774   0.00001  -0.00000   0.00001  -0.00004   0.00000  -0.00007
  -4.45774  43.54998  -0.00016   0.00000  -0.00014   0.00055  -0.00000   0.00065
   0.00001  -0.00016  -0.15127  -0.00000  -0.00008   0.60384   0.00000   0.00052
  -0.00000   0.00000  -0.00000  -0.15019   0.00000   0.00000   0.59710  -0.00000
   0.00001  -0.00014  -0.00008   0.00000  -0.15116   0.00052  -0.00000   0.60308
  -0.00004   0.00055   0.60384   0.00000   0.00052   0.02064  -0.00000  -0.00308
   0.00000  -0.00000   0.00000   0.59710  -0.00000  -0.00000   0.05977   0.00000
  -0.00007   0.00065   0.00052  -0.00000   0.60308  -0.00308   0.00000   0.02542


 ****** Psp strength Dij in Ha (atom      1) *****
  -0.04737   0.02390   0.00034  -0.00000  -0.00023
   0.02390   9.12520  -0.00468   0.00001   0.00323
   0.00034  -0.00468  -0.00250   0.00000  -0.00000
  -0.00000   0.00001   0.00000  -0.00175   0.00000
  -0.00023   0.00323  -0.00000   0.00000  -0.00230

 ****** Psp strength Dij in Ha (atom     18) *****
   0.43848  -4.45774   0.00001  -0.00000   0.00001  -0.00004   0.00000  -0.00007
  -4.45774  43.55010  -0.00016   0.00000  -0.00014   0.00055  -0.00000   0.00065
   0.00001  -0.00016  -0.15127  -0.00000  -0.00008   0.60385   0.00000   0.00052
  -0.00000   0.00000  -0.00000  -0.15019   0.00000   0.00000   0.59711  -0.00000
   0.00001  -0.00014  -0.00008   0.00000  -0.15117   0.00052  -0.00000   0.60310
  -0.00004   0.00055   0.60385   0.00000   0.00052   0.02050  -0.00000  -0.00308
   0.00000  -0.00000   0.00000   0.59711  -0.00000  -0.00000   0.05966   0.00000
  -0.00007   0.00065   0.00052  -0.00000   0.60310  -0.00308   0.00000   0.02530


 ****** Psp strength Dij in Ha (atom      1) *****
  -0.04737   0.02390   0.00034  -0.00000  -0.00023
   0.02390   9.12517  -0.00468   0.00001   0.00323
   0.00034  -0.00468  -0.00250   0.00000  -0.00000
  -0.00000   0.00001   0.00000  -0.00175   0.00000
  -0.00023   0.00323  -0.00000   0.00000  -0.00230

 ****** Psp strength Dij in Ha (atom     18) *****
   0.43848  -4.45774   0.00001  -0.00000   0.00001  -0.00004   0.00000  -0.00007
  -4.45774  43.55004  -0.00016   0.00000  -0.00014   0.00055  -0.00000   0.00065
   0.00001  -0.00016  -0.15127  -0.00000  -0.00008   0.60385   0.00000   0.00052
  -0.00000   0.00000  -0.00000  -0.15019   0.00000   0.00000   0.59710  -0.00000
   0.00001  -0.00014  -0.00008   0.00000  -0.15116   0.00052  -0.00000   0.60309
  -0.00004   0.00055   0.60385   0.00000   0.00052   0.02057  -0.00000  -0.00308
   0.00000  -0.00000   0.00000   0.59710  -0.00000  -0.00000   0.05972   0.00000
  -0.00007   0.00065   0.00052  -0.00000   0.60309  -0.00308   0.00000   0.02536


 ****** Psp strength Dij in Ha (atom      1) *****
  -0.04737   0.02391   0.00034  -0.00000  -0.00023
   0.02391   9.12511  -0.00468   0.00001   0.00323
   0.00034  -0.00468  -0.00250   0.00000  -0.00000
  -0.00000   0.00001   0.00000  -0.00175   0.00000
  -0.00023   0.00323  -0.00000   0.00000  -0.00230

 ****** Psp strength Dij in Ha (atom     18) *****
   0.43849  -4.45788   0.00001  -0.00000   0.00001  -0.00004   0.00000  -0.00006
  -4.45788  43.55189  -0.00016   0.00000  -0.00013   0.00055  -0.00000   0.00056
   0.00001  -0.00016  -0.15129  -0.00000  -0.00008   0.60394   0.00000   0.00053
  -0.00000   0.00000  -0.00000  -0.15020   0.00000   0.00000   0.59720  -0.00000
   0.00001  -0.00013  -0.00008   0.00000  -0.15118   0.00053  -0.00000   0.60318
  -0.00004   0.00055   0.60394   0.00000   0.00053   0.01994  -0.00000  -0.00310
   0.00000  -0.00000   0.00000   0.59720  -0.00000  -0.00000   0.05909   0.00000
  -0.00006   0.00056   0.00053  -0.00000   0.60318  -0.00310   0.00000   0.02473


 ****** Psp strength Dij in Ha (atom      1) *****
  -0.04737   0.02391   0.00034  -0.00000  -0.00023
   0.02391   9.12508  -0.00468   0.00001   0.00323
   0.00034  -0.00468  -0.00250   0.00000  -0.00000
  -0.00000   0.00001   0.00000  -0.00175   0.00000
  -0.00023   0.00323  -0.00000   0.00000  -0.00230

 ****** Psp strength Dij in Ha (atom     18) *****
   0.43849  -4.45790   0.00001  -0.00000   0.00001  -0.00004   0.00000  -0.00006
  -4.45790  43.55204  -0.00016   0.00000  -0.00013   0.00055  -0.00000   0.00055
   0.00001  -0.00016  -0.15129  -0.00000  -0.00008   0.60394   0.00000   0.00053
  -0.00000   0.00000  -0.00000  -0.15020   0.00000   0.00000   0.59720  -0.00000
   0.00001  -0.00013  -0.00008   0.00000  -0.15118   0.00053  -0.00000   0.60319
  -0.00004   0.00055   0.60394   0.00000   0.00053   0.01993  -0.00000  -0.00310
   0.00000  -0.00000   0.00000   0.59720  -0.00000  -0.00000   0.05908   0.00000
  -0.00006   0.00055   0.00053  -0.00000   0.60319  -0.00310   0.00000   0.02472


 ****** Psp strength Dij in Ha (atom      1) *****
  -0.04737   0.02390   0.00034  -0.00000  -0.00023
   0.02390   9.12513  -0.00468   0.00001   0.00323
   0.00034  -0.00468  -0.00250   0.00000  -0.00000
  -0.00000   0.00001   0.00000  -0.00175   0.00000
  -0.00023   0.00323  -0.00000   0.00000  -0.00230

 ****** Psp strength Dij in Ha (atom     18) *****
   0.43849  -4.45790   0.00001  -0.00000   0.00001  -0.00004   0.00000  -0.00006
  -4.45790  43.55217  -0.00016   0.00000  -0.00013   0.00055  -0.00000   0.00056
   0.00001  -0.00016  -0.15129  -0.00000  -0.00008   0.60396   0.00000   0.00053
  -0.00000   0.00000  -0.00000  -0.15020   0.00000   0.00000   0.59722  -0.00000
